Device: NVIDIA GeForce RTX 2080 Ti
Epochs: 100
Testing Time:
  Mean: 0.2936107158660889
  SD: 0.0036246281018690036
Training Time:
  Mean: 628.5332809925079
  SD: 0.6296659876309441
